0.5
0.0
0.0
0.3333333333333333
0.2857142857142857
0.0
0.13157894736842105
0.14285714285714285
0.0
0.0
0.0
0.0
0.125
0.1111111111111111
0.11764705882352941
0.13333333333333333
0.1111111111111111
0.0
0.0
0.0
0.0
0.0
0
0
0.2619047619047619
0.3522727272727273
0.31496062992125984
0.37333333333333335
0.31683168316831684
0.4594594594594595
0.0
0.3939393939393939
0.373015873015873
0.375
0.2857142857142857
0.2571428571428571
0.25
0.42105263157894735
0.0
0.41935483870967744
0.44029850746268656
0.38162544169611307
0.47651006711409394
0.40273037542662116
0.39568345323741005
0.34355828220858897
0.23404255319148937
0.42857142857142855
0.4264705882352941
0.36013986013986016
0.34705882352941175
0.3588235294117647
0.3548387096774194
0.375968992248062
0.33203125
0.4240506329113924
0.32280701754385965
0.3746031746031746
0.36531365313653136
0.23684210526315788
0.16666666666666666
0.0
0.5
0.2222222222222222
0.3157894736842105
0.0
0.30434782608695654
0.2868217054263566
0.3333333333333333
0.37037037037037035
1.0
0.16666666666666666
0.3
0.37209302325581395
0.3114754098360656
0.3392857142857143
0.35526315789473684
0.42857142857142855
0.4264705882352941
0.2727272727272727
0.2631578947368421
0.42857142857142855
0.3333333333333333
0
0
0.0
0.0
0.16666666666666666
0.0
0.0
0.25
0.0
0.3181818181818182
0.39655172413793105
0.36466165413533835
0.3567251461988304
0.400990099009901
0.3490566037735849
0.4444444444444444
0.40875912408759124
0.34285714285714286
0.4444444444444444
0
0.0
0.0
0.0
0
0
0.0
0.3333333333333333
0
0.0
0.0
0
0.21428571428571427
0.34782608695652173
0.35668789808917195
0.3877551020408163
0.344
0.33495145631067963
0.3333333333333333
0.37349397590361444
0.384
0.3163841807909605
0.41530054644808745
0.40077821011673154
0.41875
0.3176470588235294
0.3624161073825503
0.33495145631067963
0.27058823529411763
0.0
0
0.0
0
0
0
0
0.0
0.0
0.0
0.0
0.2857142857142857
0.22580645161290322
0.3333333333333333
0.2777777777777778
0.3333333333333333
0.6666666666666666
0.0
0
0.0
0.0
0
0.0
0.3333333333333333
0.3602941176470588
0.31620553359683795
0.0
0.0
0.0
0
0
0.0
0
0
0.391304347826087
0.0
0.3333333333333333
[60.0, 5.2288461538461535, 2.8474358974358975, 0.8692307692307691, 0.4491368855125436, 0.19760003542309457, 0.6809392177386386]
[61.391304347826086, 7.6179707084683566, 4.242041991694414, 1.38941846854958, 0.46868577775755993, 0.2229834373479933, 0.7172090896549604]
[67.4, 8.840025700968503, 5.129161311506762, 1.4417550990627643, 0.47632740937977536, 0.19858718977811507, 0.7298518012930768]
[60.68421052631579, 8.681096022749209, 5.114079730483581, 1.5555257664716526, 0.47264477652105086, 0.20770976633797392, 0.6590261194414745]
[59.94444444444444, 9.37002492810301, 5.059987337718849, 1.6131357287910053, 0.4775913774431601, 0.17877927039782182, 0.7177927710974521]
[47.77777777777778, 7.334422617031284, 4.312075974277696, 1.4033682828049996, 0.4649768120418728, 0.17890923402778947, 0.7149919661268156]
[50.53846153846154, 8.031659718281375, 4.7630915204246085, 1.562651104349666, 0.4553529843541932, 0.2561399190170596, 0.7381489395321117]
[53.375, 11.447342304883382, 6.3028758867883425, 1.8426655865667316, 0.4932184268049433, 0.21620633295847988, 0.7546798958944746]
[62.0, 10.21858541257921, 5.840252161350237, 1.7234336635452714, 0.46184518578159134, 0.24877722148642065, 0.7106867209434277]
[50.166666666666664, 8.971048048717904, 4.823695652332383, 1.8271402651667572, 0.4944591961153136, 0.2378227726328992, 0.7337005305707066]
[64.5, 8.855915832296333, 4.422493832761305, 1.2920115974473179, 0.5238877695229094, 0.22048670062252407, 0.6348441600324389]
[73.0, 8.629545454545454, 2.6446969696969695, 1.9971590909090908, 0.44462892180283486, 0.35396825396825393, 0.692722371967655]
[71.0, 9.464788732394366, 3.169014084507042, 1.823943661971831, 0.5178966131907308, 0.3215457154571546, 0.7650571841211601]
[35.5, 4.57063492063492, 2.25, 1.2785714285714285, 0.42304857621440534, 0.2850877192982456, 0.6534391534391535]
[36.0, 2.8333333333333335, 1.3333333333333333, 0.4722222222222222, 0.676923076923077, 0.6666666666666666, 0.75]
